13254 13416
12334 10008
2966 3456
11934 3753
9335 12693
3552 12327
7401 14767
1741 7342
2408 4854
13618 4019
4458 12334
14238 11309
924 10727
1446 9667
12369 5567
4118 6257
13182 12708
10374 3726
9097 2738
12685 2424
11517 12130
13770 10260
14958 8224
3453 7223
3621 3811
2543 2730
14035 1897
14648 8912
10880 12656
12504 13726
11342 12911
3936 5455
567 8296
5531 7347
12942 2312
10905 4976
11734 1396
5217 1692
3126 766
5316 3465
3469 5840
6326 12065
8815 11325
4045 12812
9687 11066
5779 8900
7401 2890
8900 13356
4148 6676
527 4992
11292 1057
12685 11236
1057 4185
9741 9707
1994 11617
5438 4690
1741 3096
4030 4817
5455 11244
12971 5121
3275 5655
11321 13129
11861 14844
4679 9374
5037 14152
387 6792
11496 8222
5051 5306
13454 14644
13147 2772
8554 3454
10246 12352
4892 13717
6924 11969
7234 4495
5051 13067
5747 2408
8224 14958
4887 5369
10784 3465
8148 164
8222 11496
12332 13265
7247 3892
12971 5849
2416 5077
4564 8162
10338 9210
7409 3066
10414 9973
10063 12946
10702 818
13730 3066
5455 4129
6949 13264
3051 12812
9502 1316
14312 2065
4530 681
13946 8374
7075 9431
2424 4126
9712 10614
2925 14881
606 7585
14510 5800
9043 14035
592 6850
11216 7139
13143 5279
13462 8848
12216 11066
10992 10015
14836 3041
982 2665
11741 8837
2250 12126
2488 6370
8494 3517
2537 8785
12252 4651
5060 4530
4115 12962
12578 9431
2772 14572
11494 6758
9949 10663
10215 14767
5808 9113
9973 3112
3228 6186
11315 5174
1970 14582
5993 14051
11175 2380
1104 7406
11369 13286
12062 12748
7920 10822
14896 4407
11204 9722
8296 9043
223 14826
6847 14931
12814 13707
9436 223
1913 2823
1405 8848
12760 11809
550 8893
10992 10313
12998 9062
14767 4600
11498 9043
14288 3465
8900 8087
11066 5003
13286 3218
550 12881
4651 2128
2762 11646
2924 10714
5051 1814
223 3827
7335 8356
4048 14035
11952 3380
2567 8737
11370 6135
13092 3660
5290 7507
4126 9097
4854 6370
12739 11066
8900 428
8501 6587
2156 661
3769 14791
9871 9201
6079 13731
13092 9820
12853 9589
9067 6709
13117 2022
11182 12812
643 3435
11705 223
11952 7164
3736 10106
11469 4793
11745 12812
5284 10569
2210 3707
14559 10487
14981 7600
14163 13256
11646 5051
5771 7617
9622 12346
9960 13141
12476 186
3010 12942
2917 14024
771 2141
10398 9808
8070 12446
9664 5217
9577 5749
3488 10336
3066 13730
7461 5255
2118 14767
14163 3235
11289 7237
10385 10313
3781 4352
3562 1564
5051 1829
7311 12941
8667 13255
12106 7314
7211 1547
6370 2488
832 5476
6808 4527
11276 8115
12381 5410
6435 789
2811 4425
2905 3126
9215 10956
13893 11272
11560 5913
2142 13011
9315 3571
5026 8636
2109 5847
10644 4656
12997 1613
5625 8109
3051 4609
70 176
11085 8060
12455 12685
4126 2424
5828 13720
1342 9097
2208 13028
1686 10625
8432 1127
14716 12062
5599 12834
3484 5051
8900 7860
5284 11215
9315 2810
8422 2408
13618 11707
8815 6617
4886 60
1906 1523
3343 1396
7210 2848
3041 14836
1586 458
2022 13117
643 9949
14866 4182
13595 1602
6461 8366
11677 2542
12675 14749
3051 10702
24 11792
8595 1320
12971 4746
11261 11144
3900 9075
13087 1332
106 3621
4030 12481
3093 175
8707 9514
11277 7707
13000 2421
6709 3122
9960 4703
7928 14785
7303 2436
818 9960
11074 6108
32 6774
11066 10977
11070 1207
9577 9820
3900 10714
11883 7075
6352 9622
11496 11093
12957 3453
1973 534
9549 14644
11819 223
14582 1970
4740 12933
10393 4236
11732 65
12951 2424
8494 1241
58 6143
12865 12823
4121 1082
11272 13893
1906 11705
12971 11366
13450 11172
9349 756
14516 1994
223 93
5455 10567
8906 7401
5764 15008
4231 2617
13653 13264
5051 3484
5603 7705
8325 1132
2408 11911
12062 6312
6717 13658
11911 4854
9652 4553
1041 14133
13668 9651
7915 7515
14716 5773
9169 9530
11593 10903
8477 12941
3657 12812
11910 4976
4536 5111
5489 2187
7479 11082
7210 7036
10271 2482
8904 5771
11274 1564
13264 1320
2095 3717
10179 13223
14958 11910
4709 11934
4651 12252
14744 6325
1233 7379
8296 8222
2149 3900
12062 14578
13732 1950
5409 3465
9823 4376
9949 13885
5039 12062
14803 12951
4879 10663
9976 4854
7936 12406
9866 12467
12560 14032
10430 9771
9101 9949
5916 14088
10967 11216
60 5314
13618 11075
3766 1817
9392 759
9292 10106
14308 1921
8505 4802
11066 5217
9514 8707
4976 11910
7977 3552
8590 6186
4348 4030
10694 4651
14826 1233
5658 9960
312 13650
11382 7728
8505 14035
2651 7585
886 10053
5879 7138
12467 7297
8042 6352
8507 9296
4651 12018
11625 6361
5978 5410
3974 12058
2841 9428
8218 4530
12129 7234
1396 1096
6879 11066
13558 3469
13027 12812
14308 13914
2801 12062
4976 10905
10271 6580
4892 11063
12836 1843
6614 6792
9043 4440
1233 11705
3639 8363
13505 7030
6335 12334
7401 11716
1804 407
1237 13264
4126 6366
5747 12406
14771 9140
8987 14754
13196 12352
10033 9384
10676 3126
12870 4425
14964 6115
4236 7688
2543 13716
8477 5870
2488 9976
12492 11737
14394 3456
3465 10784
7524 9757
7234 12129
4553 4995
14550 10653
14029 7420
14644 9549
2690 12139
5111 4536
12450 14110
5493 10181
2066 9918
12330 11947
8566 2047
3453 10575
4372 7240
9792 14758
9876 5455
14050 4651
9140 11078
14035 14572
13488 12748
12744 12617
11215 5284
3888 6878
8864 8076
5455 9876
8507 12578
12849 9056
2719 6514
11952 109
6567 6342
9831 12823
6878 13292
11741 60
5949 14881
9960 9124
13129 3510
13885 9949
8060 11085
2810 8835
14589 8972
157 7959
7347 5531
5279 6827
3465 5409
932 3414
1806 3587
601 2626
7303 8732
6962 9577
4624 7345
10954 8322
6792 10895
10625 1686
2791 1233
4099 3564
4148 4311
14819 8987
9428 2841
9651 11533
4126 14803
610 527
3909 12427
14644 920
1503 4817
9611 4553
13944 11705
14187 7528
13688 8220
3552 3709
7012 5410
6667 4954
1560 7622
4213 8507
5255 7461
14988 14095
9302 13538
11716 13146
8316 5052
11142 7470
775 5916
6587 6527
9347 12509
4030 13758
4765 5381
11647 6944
11179 12210
9806 7114
3549 1104
1817 189
8623 1091
4428 2066
10512 10619
10313 10385
2628 8295
5674 6210
11646 12375
5896 567
7366 7401
2542 4553
14982 4741
4747 2927
12386 584
1448 2130
8837 4802
5998 2095
13505 13627
2738 14029
8494 7238
8785 2537
7559 5051
6792 12948
12601 11954
30 8724
12814 11958
2635 9514
6620 5265
6270 11861
8323 6792
10398 2066
7904 818
14259 5133
5350 4484
6496 2690
12443 4273
1594 4923
13039 10257
4237 6480
8538 6526
14935 3656
10818 186
13129 4643
13837 12104
14035 4971
2806 9806
9392 13590
5725 3126
9201 9871
12266 7694
10595 9200
9507 5740
4114 6311
1817 3766
13343 2228
8153 4553
11496 6892
7192 4651
7039 12823
1950 10655
4428 12833
13407 7435
6075 7449
6961 11745
11734 11066
7420 14029
6815 3203
6583 4458
10546 4030
13208 6422
14110 12450
13764 129
5599 9720
1224 12521
9514 8965
4672 12420
2473 6076
13212 12186
11560 11272
6613 7936
10818 11437
12442 14035
12476 6808
7239 5740
245 4564
5044 5813
6422 13208
9374 4679
8652 9757
12741 11584
6516 9060
190 14916
13575 4982
7520 9946
10243 6808
4530 5060
5410 12130
9514 2635
4115 6183
5870 8477
9664 12216
7776 8296
10905 11342
2342 9757
14767 2628
12401 11593
5215 2066
13028 7737
9664 9687
3613 2234
9606 12062
8285 6352
4530 14841
12814 5212
8295 4103
9559 2414
8717 7075
13038 9043
3686 4590
3282 7737
8848 1405
13505 2849
9988 1715
11732 11125
9077 5977
15001 5455
7520 69
2586 11078
11272 11560
314 11763
2543 458
3528 12151
4842 8262
2772 11725
4407 2085
2915 10398
98 11734
11169 10403
9783 3069
1396 11734
4971 14035
7449 6075
12062 11417
4352 3568
14644 9404
482 141
1608 969
9075 449
5367 3069
15028 1809
6881 8408
13830 10100
7485 13726
10291 14035
7239 11575
10678 2433
11216 2966
2408 1740
4440 7776
12092 12812
11689 4971
5267 305
13062 14238
7705 5603
13455 13538
12941 7311
3218 14535
12040 3126
11131 5669
4628 168
9778 657
14051 5993
3590 9956
2414 9559
8734 3555
3453 3527
3328 3552
5896 11705
1906 11819
8296 4971
7069 4074
2123 7694
5800 11861
108 4118
14881 2451
8307 3686
9269 5157
13618 4961
1966 14708
7585 606
8316 1448
3051 9960
12803 13129
10974 6271
14644 12498
5051 7576
8132 4148
7470 11142
9258 5489
11737 3732
10030 5383
4331 7302
4236 1886
5570 14964
9806 9960
14644 6266
6851 12062
1268 12812
13142 14964
9258 960
4148 4357
14546 7239
12951 14803
6401 11899
3505 3562
10124 11954
11066 4956
4558 10414
10762 3686
6186 7108
4651 7192
11785 6907
12823 2057
10271 10592
10782 1037
2408 8744
13944 3456
8906 8507
7320 6167
3552 10564
3232 3412
13092 10546
11144 11261
1177 4372
8507 12013
11496 11332
8780 984
8507 12477
11571 5504
14844 14510
6033 10869
2795 998
6808 2778
9973 10454
6266 14644
12748 12062
1757 9015
9075 644
1052 10033
7824 3335
14958 10077
8734 3808
9507 8717
5185 11078
5729 4177
14964 7005
2113 6792
3552 3328
10278 14396
8461 13590
58 14152
13235 12130
7573 4530
4995 4553
14004 10128
5163 11428
1268 9806
2345 11468
376 2586
12157 10944
2408 6657
7174 9430
9757 2342
4802 6067
14767 8677
2738 1790
6255 12198
4793 13570
7401 7366
12379 2421
8261 2690
712 12814
13627 13505
6775 2781
2740 5432
2719 5058
6352 8042
4703 9960
12062 2801
3514 5455
8994 12971
11244 5455
1919 4530
13575 3272
11216 10967
3453 7105
5157 9269
4959 132
3454 8554
9392 10361
30 9707
6792 8288
4019 13618
8264 4802
60 8432
5625 5493
9651 3619
4886 8837
9916 194
11216 8130
8900 6742
12851 845
14297 6459
9015 5896
7361 6223
8782 3522
10614 7322
274 9162
6101 12083
5770 7237
2756 14981
1132 13722
14964 11689
7479 8356
13538 9302
5773 11417
5919 12427
9960 12481
10033 2408
4575 2676
8732 11707
8296 567
2283 13408
394 12388
12521 3703
7969 2795
11468 9761
12139 14370
14035 14848
6782 1503
14457 12814
886 4660
2313 6874
1919 11770
5504 11571
8417 1772
5516 99
10271 9769
13028 14456
14209 4372
12193 10659
4030 3564
1320 9359
4649 3126
4185 1057
3149 1052
1740 2408
6459 10832
10336 1400
12911 11342
2738 9097
13599 4440
9960 10367
2593 2542
10176 6878
4463 10663
3149 11417
10822 7920
10627 5543
6587 8130
12225 6361
14535 3218
3590 2586
2380 11175
1012 14573
4272 5056
4103 14767
376 9140
1790 2738
5916 2795
8034 3528
8900 11646
249 164
3566 11066
11734 7067
13982 14931
8148 2280
3246 11194
8634 2604
4357 4148
12748 5773
11468 11354
6076 11815
11593 13708
692 6516
14004 3205
3393 6317
5163 14163
818 7904
11734 13737
6115 14964
13255 8667
3465 5316
14510 14844
14916 2263
1682 6792
10338 8455
9200 584
3469 13558
14976 168
4703 14297
4012 6223
10759 11689
9336 7345
4425 12870
10338 2883
2543 14743
5455 12762
6966 3051
4505 12057
1246 13479
14896 7902
2460 9595
2578 9162
11969 6924
1233 5083
6459 2312
4311 14297
14035 10759
8837 11741
9431 9507
98 10980
12971 14308
9110 8655
3112 12024
11182 5626
3931 1233
11861 5800
2772 12965
12812 4817
14770 11215
4083 14112
14297 13083
14112 3008
1377 5410
8319 489
13735 11745
1299 3126
1919 11794
14263 13731
770 838
12942 9528
13722 1132
3897 3071
14964 14035
2085 4407
4934 12476
2013 12560
12578 5740
9749 3286
7671 5068
13592 407
10271 9757
2978 9856
2823 13039
5381 4765
13292 6878
803 9256
5052 8316
13536 4236
11351 4619
13212 4201
5771 8803
3726 10374
4530 8885
1624 4030
13092 10096
4263 5455
11725 2772
12018 10627
12812 6809
10867 4185
12814 2439
13141 9960
13264 6949
13127 12539
7221 14724
934 8035
7737 6048
2717 5998
14370 8261
6977 8900
6583 6335
12751 2385
3302 3892
5599 6237
14112 4083
3435 643
14826 223
14297 13141
11966 220
14807 11528
168 4628
4854 14357
585 4236
12062 6851
584 12386
12516 14881
9797 8848
14744 12705
7448 3552
3456 1932
1268 11182
2056 7303
12812 1268
2865 11288
789 6435
3660 13092
5053 6156
9140 14771
12130 5410
13048 4590
4458 6583
8507 7239
1772 8417
305 5267
2421 12379
474 11646
14767 4103
175 11056
1262 5813
2751 8507
13109 5828
9242 12062
771 9140
7406 1104
9431 7075
4533 7461
11066 11734
60 11272
370 5543
3481 175
5058 2719
12942 5163
1532 2389
14238 12364
9806 7220
12971 14827
7412 7485
12748 10342
5370 11182
7401 12477
14083 5599
7314 14448
6317 2516
10338 6018
10895 6792
3058 12104
13254 7777
9577 6962
3069 11428
5896 7520
14916 190
3555 4791
1233 9436
3590 5185
6745 13120
3126 7838
681 4530
13658 6717
771 5185
664 10426
5711 8870
14988 7159
12346 9622
788 1553
13519 13092
12942 4150
9808 10398
13141 14561
5771 10361
10203 6792
9436 5896
223 1523
9845 60
3881 4271
6517 424
11321 10765
3450 5284
12203 3418
1096 1396
9993 10398
5544 14255
7626 7325
5316 7314
9858 11732
5455 7220
14024 10497
1503 11182
7936 1052
7556 1545
7382 6617
10811 4531
2295 13922
12560 3928
11126 2865
1446 12530
7549 9884
3126 7793
8405 14767
7325 7626
644 2149
14795 14767
1950 7399
10954 12425
3030 5684
8885 4530
7331 1233
14297 4311
12139 2913
289 12058
1054 6545
741 6882
14163 10832
474 13946
4273 12443
8024 3069
10868 1688
168 953
11036 4802
1446 4660
1446 5696
6526 8538
1553 12065
12812 11745
9787 4961
5646 6223
11216 12529
3494 1233
11272 8863
12805 464
14582 10398
1919 14841
11315 10714
458 11545
7364 168
10361 9392
11063 14448
6275 12942
11528 10869
61 9535
13650 312
5462 4973
13117 4802
14258 10980
8150 1897
9896 7968
14981 2756
8366 8866
3564 6128
12578 9184
14178 4681
1547 7211
9075 11606
7342 11673
10257 13039
10425 1615
984 7520
3380 11952
11550 11066
1091 6188
12739 1692
7322 10614
1330 8494
9384 2488
920 14644
1602 13595
6352 8285
5003 1396
11256 11732
1091 4452
11245 7569
11066 6879
168 7364
11689 4553
12446 12062
6477 2082
5279 13143
10438 800
12814 14457
4533 3799
9769 10271
1897 2343
3657 13735
7075 9184
13623 14770
12492 12104
9349 4272
6850 592
93 223
12334 288
14767 8610
11093 5800
12812 6961
8027 12836
10714 4740
13721 3041
5432 1367
3522 8782
1297 9252
13764 3482
9564 6709
4854 11911
14693 11734
13032 14163
6792 2281
2408 10033
805 10414
9856 4259
13451 3051
12705 14744
11236 12685
7137 1982
5444 6223
5163 8132
1127 14035
4656 8631
10773 933
5157 12608
2421 14485
8893 10179
11819 707
11413 861
13650 3971
7270 2408
11179 7397
4428 2915
6924 11974
9733 7616
11910 14958
14308 12971
984 6587
12334 12495
4271 3881
10804 2634
8422 2488
13813 14767
984 12656
3058 9197
7101 2788
7694 14462
7987 12423
3453 10404
9956 771
8264 5314
2722 9173
11428 3069
11393 3453
9918 12833
11055 9591
132 4959
3083 13413
13092 12860
4619 11351
12773 9411
12860 13092
5847 2109
9546 9806
10882 4802
12427 5919
8356 7479
9722 1041
11305 12164
8162 12366
3808 8734
3517 8494
11940 2313
14724 7221
14204 3456
9503 436
9503 14882
13413 3083
9564 9640
7379 1233
9015 8296
13505 12350
14029 6271
2865 13683
5740 8605
9292 3056
12812 3564
625 5985
4971 8296
2123 8073
6874 8900
12748 13716
13223 550
2047 5539
5187 3418
4476 1390
10338 7976
12423 7987
8374 11646
13390 4464
13509 1771
12130 13235
2959 4259
14308 681
1919 2247
7535 7898
9197 1616
3069 9783
9806 7904
12578 3454
2165 14478
4030 12812
6893 5111
10173 13590
9707 9258
12334 6751
5185 3552
13824 11286
10497 14024
9589 12853
13520 6803
741 6115
12529 6587
14754 8993
12364 12948
8803 2435
14964 14238
14476 7968
10271 14737
3732 12104
11468 7354
7305 1628
141 482
10968 8094
11593 1549
14308 8218
818 5446
8972 12971
5849 12971
2579 2388
7239 14546
5163 12942
6457 14035
3300 2559
5979 9707
10361 5771
14994 14644
1132 2541
5410 8445
7234 3726
815 10374
8655 9110
4151 5133
2676 4575
11952 8003
1741 6763
9296 7401
13922 2295
475 3418
6588 10172
5828 13109
14777 9749
11899 6401
5991 10222
6335 9519
5777 11759
6752 4079
11832 2604
13677 8132
12065 1553
11593 12427
10398 2915
6507 12679
12948 3335
861 14881
2772 8632
7520 12529
5837 1561
11732 8541
9651 11747
10970 12807
8034 6351
9820 7516
176 5500
4030 6731
7237 1209
12833 340
13363 12228
1822 9807
1425 7303
2075 13677
8162 4564
14767 9672
2099 3486
12823 9831
8870 5711
14035 7776
9043 8296
4052 5516
3575 14844
8462 933
6792 4596
2149 11606
11464 4030
7556 2932
353 11496
3126 3088
5459 5400
2408 14763
12134 11996
8987 14819
11819 9077
1341 1432
99 7579
3088 3126
5771 739
1485 8011
6809 4030
9097 12685
582 6085
7902 14896
5836 4793
6517 9383
7401 13841
4463 643
6351 4923
4854 10033
2962 5770
6694 1558
13914 12193
6156 5053
2537 14241
4739 11272
3423 5855
8837 5314
3386 13592
3354 4376
12693 9335
8115 2781
3359 6587
8717 9507
7852 14964
14582 7828
1119 3690
12575 7307
4956 12062
7075 11883
644 11866
13837 59
11182 12092
14478 2165
3069 8024
12763 9487
7898 7535
12126 2250
14373 8401
9998 8353
10338 7345
4079 6752
13028 2208
6794 6317
4965 5625
12621 8900
7137 13430
1906 3456
6424 12062
925 8803
11882 6120
1148 3736
13028 2377
13161 12722
657 9778
13254 6694
6792 11893
12062 14716
7569 11245
4679 6317
11734 7303
4259 9856
12702 11734
6587 5589
2617 14840
6473 2057
9707 6279
4553 9611
2473 6334
4441 13901
13716 5039
11496 14970
14720 12334
14881 12279
5515 5476
14744 90
13707 12814
344 2617
8900 196
13524 9949
5773 12446
8011 1485
13416 2459
9791 3879
5815 11816
7220 9806
12083 6101
11734 608
12596 5200
13286 7654
1897 9652
6587 13039
2823 11729
3753 11934
2389 1532
10714 3900
90 14744
14572 14035
5619 4322
13526 14964
13716 12748
5119 9140
2424 2738
6312 12062
896 4553
13944 11819
14163 13032
11707 9787
7005 14964
4765 6923
8229 2408
2459 13416
5053 14510
845 12851
12104 12492
5913 5229
4530 1921
673 6472
7461 4533
10670 2047
954 5455
8366 6745
9591 11055
9757 11154
14097 2385
2784 8346
11792 24
10152 7485
11216 9564
8557 10385
6769 13510
13432 1132
14767 8978
3008 4083
14241 2537
5314 1127
3656 9828
8728 12083
3218 15025
5117 6335
2488 1740
10398 9993
431 1037
3621 8127
7507 5290
1220 527
8448 6583
12013 8507
7132 10338
13143 7369
13505 1342
6342 6567
9784 12763
5998 2717
12228 13363
5800 11093
12812 11182
2482 10271
9487 12763
886 14581
10783 10437
14743 8178
8347 2690
3799 5255
12948 6792
6751 12334
12104 3058
13143 7694
11078 5185
11801 12738
11617 1994
12240 1132
10367 9960
9722 14133
10818 8979
11954 10758
3900 2149
10619 2411
3811 3621
2436 7303
10663 1884
6882 741
6878 11115
550 5473
9514 10825
14964 6882
1843 5163
12388 394
14803 2738
12812 4045
8399 6552
13590 10173
6268 5543
13146 13841
1740 4854
8130 6587
10342 12446
14152 5214
10030 8353
6792 12258
11705 5896
11523 3473
4030 3051
6085 582
13764 9501
3571 9315
5713 12062
7345 1383
4961 1712
5446 818
13356 8900
5771 12646
6878 3888
13265 12332
11085 3126
14964 13526
2773 3656
1052 7936
175 2269
14082 11129
5771 5729
10053 12193
10216 11321
9651 5617
5359 5284
6325 14744
2839 13297
10980 14258
9546 818
9807 1822
7523 11094
14881 861
14643 9956
3482 13764
11996 12134
8586 1132
13510 6769
14572 2772
9998 5383
13129 11321
8856 7036
7213 99
9319 11083
3709 3552
11379 3388
12498 14644
7302 10701
6587 12529
3126 636
4553 2421
1132 13432
11066 2593
945 14258
1961 11606
12062 5039
11734 98
13212 1916
886 14589
6961 12812
4720 1206
5432 2740
193 7302
4793 6083
2424 12685
3456 2415
10768 3552
13489 10063
12941 8477
805 3112
214 487
5685 5290
8692 8224
1843 4148
6183 4115
2690 8347
4982 13575
13668 12869
3812 4034
11745 6961
59 12492
1897 9267
1110 14502
69 7520
2890 7401
6758 11494
9956 11078
13109 6064
1628 7305
4416 8507
9757 12211
3656 14935
14481 2665
9918 2066
10041 3456
2740 1623
10290 3918
9771 12859
12577 14064
7223 3453
6929 10338
2468 14859
14279 1823
7520 984
12948 11309
6334 11815
6792 10203
13824 7137
1052 4794
4791 3555
14035 13147
9960 9806
2408 6370
12092 9806
8900 4321
8432 8837
13683 2865
14564 7029
1148 11277
6808 12476
3442 8900
5133 4151
9787 11707
4372 14209
14969 10953
5771 12460
4991 8366
3122 6709
6792 5570
3488 3165
6878 6545
5626 11182
13947 8900
8662 984
10077 14958
12370 886
6657 2408
14964 7852
5393 9481
1409 4241
2312 6459
9015 11496
5599 6282
3069 5367
5051 1704
14744 3102
3934 6317
2085 7902
3575 10755
1206 4720
2917 12954
5217 11066
5473 550
4352 3781
1052 4854
933 13725
14848 11689
6904 1616
10769 5111
14035 8505
3453 1203
10567 5455
2 11825
14510 11496
13758 13092
9687 1692
5773 14490
606 7314
14802 13650
6107 5625
9431 12578
12814 1565
13141 12860
14112 12222
4956 11066
4678 11074
12656 984
12777 3879
10318 12344
9749 14777
5684 3030
4577 12207
11129 14082
10325 7213
8494 1330
11288 2865
6143 58
13206 8939
5913 60
6190 6352
4030 13519
3808 4791
13264 5737
1994 4438
6237 9043
5771 886
11216 11681
1771 13509
12240 8507
13668 13942
771 2586
2056 1994
5455 4263
12685 98
11528 2927
4533 1820
4992 527
5366 6186
1037 10782
14238 9597
2408 9610
12334 6335
1070 5808
6351 10315
8912 14644
12933 9610
9359 1237
12375 11646
2095 5998
3126 11085
12375 6865
12216 1692
14044 3900
6676 4148
12222 14112
6958 5680
4241 1409
6923 4765
13731 14263
4030 9124
99 5516
11332 11496
1913 10257
13599 8296
11744 14024
2402 3686
12933 3900
7586 14532
12352 4151
4740 10714
6792 9087
6316 5185
4791 3808
10956 2810
12971 8994
12833 4428
8077 13264
4743 5111
7959 157
14035 14964
2927 11528
13366 1346
1425 1994
6552 8399
14238 3335
3069 14163
5056 4272
9856 2978
12648 8026
4341 3454
10525 3418
2915 4428
11866 11606
9575 8816
5599 14083
6809 12812
11759 5777
9375 4268
1616 6904
1396 13251
6018 10338
164 249
12834 9043
6657 10033
10106 3736
9258 7758
13558 10483
3552 5185
7860 8900
1820 4533
3895 13039
7535 7106
1072 7920
9707 5040
5039 13716
356 12560
13570 4793
2446 7108
14510 5053
2149 11194
3126 11858
14238 6792
3619 9651
14870 13536
9097 4126
6186 10371
12942 10832
984 296
4530 14734
3473 11523
9806 4263
14378 12575
13731 6079
5800 2201
6223 7361
7846 9757
3879 12777
5727 5800
10592 10271
527 610
3552 10768
8737 2567
6459 6223
1503 9806
13334 4030
14308 8885
11272 5229
5290 5685
13546 9200
14737 10271
10033 6657
9960 818
14882 9503
4003 8494
10257 11729
9359 1320
10100 13830
14644 8634
3801 10385
8038 6554
7322 3215
8507 7345
11674 13019
12851 14
10426 527
1961 14518
577 13142
4030 10096
1355 223
11498 14964
3568 4352
12499 9651
1994 2056
10223 1250
348 14589
9956 376
2883 10338
960 30
2119 12900
14163 5163
7239 8507
10442 14502
7300 9596
12353 6108
4030 4330
5487 5051
12702 12685
11466 4252
3726 7234
1432 1341
9806 12509
3126 7471
1740 2488
12842 2720
3858 2059
9825 1207
13264 13653
14507 9852
14029 13400
3575 11496
12298 2604
13726 7485
11066 6494
14527 9797
3726 4488
12529 7520
3091 984
10818 6808
4940 12748
7515 7915
8984 13590
6745 12764
4108 12971
168 5765
4741 14982
5051 13946
5852 14029
9569 13731
60 9845
3528 8034
2617 8537
11774 7234
3555 1545
1241 8494
8188 14258
14767 7401
5570 6792
13129 12803
12833 9918
14649 8148
1686 6404
1692 9687
10403 11169
3030 3985
3388 11379
13092 1809
3282 7357
5069 5976
1950 13732
6840 175
11745 13027
6448 2083
13855 625
3465 12557
3112 4558
223 5162
10164 14079
223 9436
13650 1994
12446 2721
982 12005
10454 805
3890 12139
4151 12352
59 13837
2269 12224
13263 464
8401 14373
12569 4218
7447 14767
3638 4268
6583 10008
9490 11969
14502 1110
9852 14507
1884 10663
14448 3465
9820 2187
11689 12442
223 7520
10437 10783
14644 8912
14152 5037
464 13263
7369 1326
12578 11883
8466 3388
3069 1843
10953 14969
550 8572
8229 2488
5111 9766
2788 7101
9162 274
9200 5535
7159 14988
12406 7936
3465 14288
741 13142
7072 10116
9747 11547
11359 3807
9667 886
11866 11194
3165 3488
12104 1616
8477 11968
10385 8557
3008 14112
14133 1041
8746 3380
1448 8316
4685 5625
5840 3469
2361 175
12032 14029
12510 10271
1858 13891
11575 7239
5771 5609
12763 9784
6186 5366
2358 12314
14589 348
550 13223
11066 12216
2059 3858
12216 9664
7453 7520
11819 13944
11893 6792
3126 5725
9991 175
10675 4148
13353 10336
10033 1052
12521 5821
8572 550
2421 6618
9707 5739
12914 7137
14078 4185
12812 4030
9837 12578
1241 2827
6812 11734
10980 98
1233 6850
8732 5400
1383 7345
2520 14964
10655 1950
8816 9575
9667 1446
14367 4651
4030 11464
14532 7586
9124 4030
5967 3089
6335 13209
1897 6237
6154 9757
517 7724
12941 9522
4438 1994
13092 13519
2263 14916
11170 12083
8026 12648
11528 4638
11911 2488
5729 5771
58 5878
10371 6186
2604 12298
1233 3931
14806 3456
7817 5358
1897 8150
4030 4348
5040 9707
12679 6507
9077 3456
5209 7892
14367 12971
10898 4459
12062 6494
7485 2357
13142 8021
12951 13505
14357 4854
3066 7409
11734 2604
4252 5068
6442 10179
14029 11675
12971 12460
12130 11517
1316 9502
1037 431
288 6583
10367 14297
3807 520
8900 6874
11646 474
6237 1897
1148 9292
7566 7108
1342 13505
3456 13662
12823 7039
12578 5716
7399 1950
11325 8815
2738 14803
12942 4148
3961 4681
8900 13947
8837 13310
3985 3030
3051 4030
886 12971
13014 14024
6878 1951
8863 11272
4150 12942
6812 12685
7216 11066
4817 9960
13451 818
5459 7303
9404 14644
14209 3622
14308 10659
3590 9140
9178 9852
14777 12455
826 1803
8080 3069
11646 8374
10257 1913
4842 3000
11770 1919
2823 4640
6910 2617
4643 13129
3703 12521
6352 6190
10956 9215
4112 8572
4236 585
11496 9015
5068 7671
14064 12577
8632 2772
8850 8468
10583 9622
14964 6614
6583 8448
11315 7528
12364 14238
5740 7239
4802 13117
3126 5255
13092 13758
2488 11911
12942 13582
11017 14744
129 13764
1503 6782
10414 805
7234 14767
2056 5400
2057 6473
4961 9787
6792 7824
4553 11689
6821 886
13264 1237
7322 14615
8572 7297
10825 9514
9357 4303
13562 6317
4651 5176
11309 14238
11705 1233
6404 1686
2316 8507
1925 6119
4530 7279
10702 3051
10454 4558
11792 10288
2408 8422
9806 4030
12460 5771
14589 5849
4030 11182
4378 2460
10008 6583
4148 11428
9280 13286
14396 10278
8132 3069
1664 4419
13914 14308
10869 1348
10832 14163
14950 5346
11046 7401
5369 4887
10977 11066
10701 7302
7137 13824
11332 5053
11606 9075
9315 860
10845 9793
10078 14029
2541 1132
4236 65
4802 8505
2543 4940
5680 6958
6882 14964
12814 1057
2408 7270
2848 7210
8445 5410
9383 6517
11280 5916
9252 1297
11078 2586
10698 12334
11376 10869
14841 4530
6939 12941
11342 10905
10006 5068
6139 11216
8900 13045
2488 4854
12812 13334
10454 9973
14107 8363
2488 8229
5255 1820
3552 7448
6771 3352
5881 8477
1545 5285
12495 12334
13544 10338
7237 10044
9771 10430
1500 8241
6782 4030
10645 7239
5346 14950
7324 6694
3218 3479
1692 12298
13143 8939
6210 5674
168 5013
886 2218
6676 13479
7213 10325
8893 550
2385 12751
886 5771
7345 5740
11911 2408
12739 2604
8835 9215
4286 249
12224 6745
2411 10619
9949 13524
14965 9140
11468 5260
10053 14308
5121 14589
14708 1966
815 7234
13891 2536
8940 9140
11082 7479
2408 9384
9392 833
13536 11732
7471 3126
13251 1396
1623 2740
5255 3799
7345 9336
13209 6335
9124 9960
2676 13743
1823 14279
13011 2142
7824 6792
8353 10030
1569 8507
11066 7224
11940 713
5053 269
3112 805
12476 4934
7520 7453
4407 14896
11819 1906
11883 12578
11747 9651
15000 3126
2795 5916
10034 2720
11794 4530
5716 12578
13650 4236
9406 12941
10252 11202
3335 14238
5813 5044
3051 6966
10832 6459
1704 5051
9267 1897
1982 7137
2436 1994
4201 13212
1207 523
5455 3514
10542 12773
4660 1446
11729 2823
984 3091
10832 12942
14897 5771
9651 5283
4148 14163
11194 9075
11468 14616
14029 12032
449 9075
13048 6486
12919 4563
1064 9740
7688 4236
14035 4048
5625 4965
15025 3218
9550 861
8724 30
8464 1091
1829 5051
2569 4530
9766 5111
5740 12578
2421 13000
14758 9792
8241 1500
8636 5026
10338 24
6656 4030
14881 12516
6317 3393
8109 5625
14803 12685
11496 14510
11815 6076
4802 8837
6892 11496
9622 10583
8828 13048
11236 12951
2488 9384
4530 7573
10033 14357
5133 13329
6792 7005
6358 9200
12652 4530
729 803
8744 2408
12971 7680
7600 14981
3456 13944
805 10454
8295 8978
12685 14803
5133 14259
4177 8803
11066 9687
4425 2811
9501 13764
4690 5438
9169 12986
8507 4213
636 3126
7075 8900
6135 11370
9201 6625
4236 10393
11977 3475
4103 8295
2187 6251
424 6517
1916 13212
7279 4530
13019 11674
1091 8623
7366 13146
9392 12646
11861 10755
14908 3218
3215 7322
12467 9866
7797 6065
10765 11321
3412 3232
14035 13599
5655 3275
13901 4441
2924 7528
713 11940
12186 13212
14238 5420
14590 11734
4973 5462
1712 4961
4041 5455
11936 12151
13308 7881
12685 6133
6583 1937
1233 7017
14785 7928
8242 5709
8222 8296
4553 8153
5091 5567
14964 13038
6613 10033
6120 11882
249 4286
4272 9349
984 8662
4034 3812
9285 13864
2795 7969
4030 6656
5083 1233
13946 474
12932 10271
8540 4553
4527 6808
10944 12157
1692 5217
5185 7488
12933 4740
6119 1925
12193 10053
4922 14052
7401 8906
8885 14308
5117 10008
12563 7303
5625 8297
10172 6588
13146 14767
9575 11265
1809 2187
6792 2113
9116 8900
5173 5964
12942 11092
11437 10818
13045 8900
9292 1148
2604 12216
3799 4533
5599 14035
4624 7239
9507 9184
11063 4892
527 10426
8363 3639
9411 7303
12530 886
8229 10033
5229 5913
2604 11734
12364 7824
14964 5570
7528 2924
8835 860
12807 10970
99 7213
4854 2488
426 4083
12352 13196
11858 3126
5214 14152
340 2066
14088 5916
11954 12601
11092 12942
13092 14297
2066 4428
5217 9664
818 9546
8572 10325
1616 9197
13743 2676
2730 2543
8978 8295
12823 12865
5400 5459
14844 3575
10033 6613
2173 6573
5455 12277
14258 945
12881 550
2634 10804
2247 1919
8792 7234
2630 3932
10663 4879
7139 3456
1814 5051
1545 7556
6613 4854
8295 7234
7164 11952
10791 3552
8912 14648
6307 1064
5813 1262
11468 3673
10385 3801
14644 13695
4039 9949
14024 2917
3069 8132
4638 11528
5185 3590
6257 4118
12141 2057
11028 4651
5410 1377
4079 14895
5711 5921
7587 8343
12617 12744
10755 3575
8288 6792
14608 12560
12509 9347
1950 13452
6335 6583
4030 6782
5265 6620
12334 3268
2730 1586
6618 2421
9687 2604
4083 3008
7758 5040
4115 4621
1098 5368
741 7852
3932 2630
11883 9507
13083 14297
3918 10290
5121 12971
4459 10898
10659 12193
12951 11236
1613 12997
7234 11774
3552 9585
14297 10367
13479 6676
6536 994
13501 3112
10373 11066
9672 14767
810 11528
175 6840
13067 5051
9740 1064
9664 12298
7576 5051
2047 8566
11066 14578
12560 2013
807 1288
6107 5237
12224 2269
12494 1149
3418 12203
2201 5800
14655 3552
7237 11289
10325 8572
14152 58
13721 7314
1233 7331
1233 14826
11707 1712
818 4609
11066 6851
5283 9651
7234 8792
7435 12680
4311 4148
10714 2924
9481 5393
14021 12325
6516 13658
8566 10502
223 11819
6792 1682
8464 8378
12203 9639
9069 4987
5121 5771
2586 3552
8900 9285
10033 8422
13695 14644
13212 11376
6851 11066
5459 12773
168 2138
11215 14770
4488 3726
6706 12842
11093 11496
5284 5576
12646 9392
13864 11646
14041 13143
13735 4045
8374 13946
3456 2966
2187 1809
14052 4922
3456 14394
2959 9856
11947 12330
12941 6538
4148 10675
886 9667
14448 11063
3454 4341
9043 11498
10614 4186
7314 11063
3480 6020
3717 2041
2711 3552
4854 9133
12083 11170
860 9315
14918 12427
12578 4624
9140 143
13965 13141
4987 9069
9140 5119
7520 223
5740 9507
9528 12942
11131 6694
189 1817
1662 11528
14224 9861
4829 10915
11182 4030
861 9550
5855 3423
4263 9806
9507 4624
3074 6463
7902 2085
7297 12467
9265 7314
523 1207
223 1355
11675 14029
6788 1950
109 11952
3335 7824
11468 3767
6709 9564
3137 1897
8296 14970
13400 14029
13944 7520
11293 3781
7137 4938
14518 5202
3272 13575
7726 5515
12812 3657
14931 13982
2415 11819
3827 223
12062 9242
2280 8148
7075 8717
14859 2468
14754 8987
3126 12311
12768 5771
3456 10967
11689 6457
15008 5764
6516 692
1209 2962
2520 9043
11606 1961
14308 10053
8399 2675
9133 4854
3781 11293
2795 12565
12018 13586
2130 1448
4001 741
13758 4030
5455 4377
13677 2075
5567 5091
771 13453
12298 1692
2460 11934
11216 14394
9990 5358
12467 12577
10663 8962
12366 8162
1057 12814
9747 14481
9043 13038
13946 108
9793 10845
7270 12406
1320 13264
3051 1503
9507 11883
9720 5599
8507 12240
7211 876
2738 11236
5416 1373
2295 927
5896 9015
12842 6706
11954 10124
14490 5773
13717 4892
1503 3051
3456 14806
4681 3961
4972 13092
2010 12709
2617 4231
13942 13668
1207 11070
11947 13087
6257 13946
4854 1740
11721 8224
739 5771
14297 4703
11732 3170
6108 11074
9808 4428
8296 13599
7345 8507
9436 1233
8132 5163
487 214
8939 13206
10811 11179
4802 1127
14163 3069
12494 10476
2269 175
7206 12942
5800 14510
14502 10442
876 7211
5815 10091
12685 6812
3036 13855
13143 14041
11770 4530
2488 10033
10030 12176
3112 13501
5658 14297
407 1804
1950 6788
5284 5359
14644 14994
2823 10285
1897 896
14770 13623
7920 1072
157 8557
9852 9178
6223 4311
1586 2730
464 12805
2083 6448
5625 4685
14306 3673
11969 9490
13505 1605
11646 13864
6067 4802
14744 8837
9077 11819
5466 567
14224 1686
9707 30
436 9503
9757 207
3552 2586
12415 13082
838 770
3149 12446
9140 14965
12685 13540
14730 2336
12185 5259
3900 14044
6416 7872
6632 5770
13538 13455
12139 2690
11417 12062
8296 12442
14297 13504
5567 12369
8076 8864
2259 4316
14752 10915
10535 560
4651 8225
9113 5808
8837 8432
13146 11716
13039 6587
9392 3457
608 11734
11732 585
5567 10273
14 12851
886 10659
5202 14518
12062 12216
13824 14566
12773 10542
5561 5125
12062 5713
9664 11734
1897 6856
10927 13891
1843 12836
585 11732
8900 4780
803 729
13599 14035
1921 4530
11063 7314
660 14238
8363 14107
2066 340
7964 14115
13796 8900
9043 6237
4780 8900
11376 13212
3456 10041
4875 11614
2604 12739
8523 8572
2617 1132
223 11705
1886 4236
407 13310
6317 6794
11707 8732
5455 15001
7516 1809
14744 14404
8224 4976
11277 1148
10179 8893
534 1973
8939 13143
7920 3221
4681 14178
13453 771
8494 2249
886 12370
13731 9569
4621 4115
11745 13735
657 4531
10915 4829
4030 9806
428 8900
4182 14866
1897 11549
8732 7303
4737 12941
1545 3808
2456 3621
3335 12948
6459 13256
14029 5852
3587 1806
10338 7132
13658 6516
8225 4651
9639 12203
12971 4108
998 2795
14964 2520
14152 9354
4740 9075
4741 7739
1927 14644
12739 2542
11732 3919
8414 59
6763 1741
12406 8744
5314 8264
886 12530
12446 13488
7694 13143
14803 4126
3475 11977
12685 12455
14589 9809
12797 6516
11277 8248
11550 2542
9596 7300
12344 10318
12834 5599
5212 12814
9884 7549
2066 5215
5916 11280
12971 7617
4531 657
2226 4236
12577 12467
5314 8837
4236 13650
8507 9507
11078 9956
13536 312
10903 11593
11794 1919
13264 8077
7303 1425
4817 1503
3041 1843
12942 7206
4793 11469
3621 106
8962 10663
11734 14590
13650 14870
11125 11732
1772 6846
2149 644
9043 12834
933 10773
7758 9258
2810 10956
108 13946
10822 10246
12812 3051
13668 970
7516 9820
10015 10992
1616 3907
1772 3539
8322 10954
2047 10670
5176 4651
9564 11216
13419 3418
5410 5978
10181 5493
3454 12578
4533 3126
3907 1616
4428 9808
13113 11796
7036 7210
12216 2604
5285 1545
4651 11465
1553 788
6361 12225
6694 11131
8130 8662
5037 5878
11496 11861
11809 12760
4185 14078
14767 2118
9610 2408
929 12083
3170 11732
6222 9275
7737 13028
12210 11179
14308 14734
5543 6268
3418 1041
12942 3010
7901 3428
9585 3552
8104 7948
9806 1503
4186 10614
8637 4789
2628 14767
12311 3126
2604 8634
14413 14881
12420 4672
5878 5037
2781 8115
4854 2408
6865 12375
175 2361
2720 12842
659 13142
14791 3769
4030 1624
7776 4440
1326 7369
175 9991
1921 14308
9200 6358
2569 14308
5709 8242
13240 13824
12062 4956
11094 7523
10116 4241
12868 10325
9595 2460
2066 14248
2849 13505
1096 11066
2593 11066
11737 12492
2123 7294
7342 5855
5381 2757
4530 2569
6731 4030
4045 13735
4802 10882
7108 10156
7617 5771
14029 2738
1919 11557
10967 3456
2542 10658
6614 14964
14563 9949
9162 2578
7314 606
4530 11794
14578 12062
2605 7322
10299 3656
1228 1817
1233 2413
14394 11216
2388 2579
9651 9593
10745 11858
5516 4052
9258 9707
2859 6788
2977 5567
11115 6878
1897 7842
766 3126
11272 4739
1127 8432
9346 4802
65 4236
3056 11277
11236 2738
4563 12919
7824 11309
11417 3149
2542 2593
10627 12018
9184 9507
4074 7069
9309 12552
4747 10869
2336 14730
276 2665
1237 9359
1336 407
12814 712
4030 13334
4553 9652
520 3807
3221 7920
2604 14578
14133 9722
4854 6613
9200 13546
4746 12971
14767 10215
5771 1446
3453 12957
3268 12334
4794 1052
2542 11677
1688 10868
9043 2520
14297 13092
1390 4476
6237 5599
11496 353
6186 3228
8356 7335
9285 8900
1994 1425
14964 13142
7210 5088
861 5761
1692 11734
14308 2569
6188 1091
6808 10818
9610 12933
13455 8297
10096 13092
2256 7600
11584 12741
10404 3453
14448 7314
12608 5157
8296 7776
9757 7846
1692 12216
12941 9406
2424 12951
4939 3918
10658 2542
11689 4048
11154 9757
5088 7210
5125 5561
10663 11425
3203 6815
4854 9976
8071 3893
9960 13083
7105 3453
12509 9806
6223 6459
10614 9712
13028 614
2932 10231
12531 9140
2460 4378
4802 60
5749 9577
9852 3418
14501 2601
4030 6809
1897 12834
9861 14224
1897 6934
8296 4048
12224 2810
7239 12920
13375 5157
9507 8507
14313 2936
6223 5444
9949 643
3552 7385
376 5185
4558 3112
6745 8366
9858 4236
11216 6139
9411 12773
9258 2187
14827 4651
14844 11861
14024 13014
11810 3020
7694 12266
8115 11276
6856 1897
1994 13650
3900 3386
6694 1961
2772 5599
13650 14802
3456 1906
12062 2136
6934 1897
1838 5051
5849 14589
11179 10811
14573 1012
3808 1545
3594 5546
3051 13451
4817 12812
7488 5185
11066 7216
8507 1569
11321 10216
12228 2968
6881 12638
14518 11235
2187 5489
2617 344
7380 4685
7108 7566
11066 4526
11796 13113
4553 8540
11689 10759
11066 10373
12151 11936
844 5813
10077 4976
12216 12062
407 1336
6157 12675
7067 11734
3686 10762
337 13891
6554 8038
288 12334
5544 6456
6223 5646
10556 3552
9507 3892
14644 1927
6792 6614
5111 6893
5174 11315
9806 9546
8572 4112
12578 8507
3418 5187
818 7114
11707 13618
3423 1741
12092 13334
13039 1446
2066 6775
5771 3895
9757 7524
11309 7824
12009 3069
4802 9346
12738 11801
14404 14744
12062 6424
11286 13824
1233 14258
3971 13650
11496 567
5476 832
9200 10595
10285 2823
4252 11466
8979 10818
14767 11639
9998 11606
4129 5455
9384 10033
12279 14881
12350 13505
5185 771
60 4886
12492 59
13720 5828
1091 8464
9131 3686
7237 5770
3178 5544
10106 11277
8148 14649
9778 10811
11269 9577
7224 11066
6459 14297
2927 4747
8900 7075
4495 7234
4789 8637
14644 13454
2488 6657
6133 12685
5306 5051
11277 10106
12951 6366
3686 9131
3895 5771
458 1586
11193 7739
9990 7817
5609 5771
9707 6251
5383 10030
6251 9707
12277 5455
4530 1919
11734 9664
1233 7374
6983 4679
2542 12739
1937 6583
1961 6694
13286 9280
10575 3453
5773 12748
14035 10291
14881 5949
8322 10106
7520 13944
644 9075
1448 12994
12656 10880
4254 5185
6775 11276
12764 6745
6067 11741
7622 1560
10759 14035
13141 13965
9960 3051
14561 13092
11354 11468
7739 11193
12986 9169
14004 4166
2924 14044
7680 12971
2020 7210
10342 12748
12062 12446
8634 14644
4229 9443
4530 8218
5068 12284
6587 3359
7776 14035
10663 3435
3622 14209
7777 13254
10483 13558
12284 5068
3218 14908
8422 10033
13039 2823
4126 13505
12708 13182
11182 5370
12018 6268
11305 13721
8507 4416
7968 9896
10008 5117
5003 11066
5383 9998
4624 8605
2827 1241
5051 12562
3552 14655
10033 4854
8541 11732
176 70
2806 11182
5284 3450
9761 11468
13504 4148
9140 3552
3552 2711
1616 12104
6566 11932
3480 3022
5770 2962
8296 14964
5855 7342
10426 664
407 2855
6657 2488
13479 1246
14970 8296
13142 659
4679 10905
6774 32
4660 886
7302 4331
4531 10811
11070 14261
844 9520
4651 10694
9960 5658
5543 370
1741 3423
5455 4041
3456 14204
2665 14481
1994 14516
6271 14029
11763 314
6724 12638
8464 14625
11533 9651
12860 13141
5077 2416
4923 6351
970 13668
1932 3456
9411 11194
12058 3974
9275 6222
9828 3656
5821 12521
6351 12151
4938 7137
4148 1843
1429 2542
11083 9319
3453 7829
60 5913
560 10535
8972 14589
6120 8504
11606 10030
8296 9015
14115 7964
10336 13353
12942 13256
8791 8900
3736 1148
6167 7320
6538 12941
9946 7520
4185 10867
592 14258
801 1315
6617 7382
8634 11066
12481 9960
12446 9164
10041 11819
6516 12797
5482 11066
13120 6745
12176 10030
11066 1096
11465 4651
313 3309
13708 11593
5358 7817
4651 14050
3510 13129
7728 11382
59 8414
13725 933
12859 9771
12481 4030
3435 10663
6662 6435
2312 14163
5068 10006
10898 1091
2604 11832
6361 11625
4484 2616
13416 13254
3126 12040
2778 6808
12083 8728
5473 2905
4976 8224
3555 8734
11549 1897
8837 14744
6580 10271
11528 810
4609 9806
6907 11785
8572 8523
4558 10454
2413 1233
9530 9169
5157 13375
14032 12560
11194 2149
11732 9858
9520 844
5111 12851
13310 8837
833 9392
13451 9806
12018 4651
8343 7587
9806 13451
13590 9392
14248 2066
2439 12814
741 4001
9215 8835
9806 10702
3732 11737
3562 3505
2488 9133
10414 4558
14481 9747
7210 2020
13783 13087
6020 3480
9210 10338
14616 11468
3575 5800
4651 14367
7968 14476
10179 6311
927 2295
9075 4740
5589 6587
5669 11131
11425 10663
4330 4030
3456 9077
1950 10068
12812 13735
5727 14844
2542 11550
11734 6812
4166 14004
1919 2638
5977 223
5446 4148
12139 10233
12275 12577
11825 2
2810 9315
8422 1052
10659 886
3673 14306
10053 886
3879 12750
6573 2173
13256 12942
14881 14413
13824 13240
2128 4651
969 1608
4609 3051
14370 12139
4564 245
5314 60
1132 12240
11417 5773
11547 9747
9507 9431
2638 1919
6527 6587
13891 10927
3107 758
1041 3418
11342 13152
10273 5567
5185 6316
994 6536
14163 5606
8477 5881
1052 3149
14767 7447
4148 6459
1897 11689
14258 8188
5567 4859
6351 8034
13378 6878
11639 14767
1367 5432
12814 2572
9133 2408
12210 10683
9687 9664
6846 1772
6792 8323
1082 4121
4133 7234
14767 13146
4892 3686
5567 2977
11379 1325
9797 14527
10271 12932
6366 12951
164 8148
12851 5111
2543 13441
196 8900
10336 3488
13147 14035
14840 2617
12965 14035
11202 10252
12965 2772
10313 10992
12521 1224
5111 4743
11734 14693
10271 12510
2057 12141
14964 11498
10246 10822
10338 887
3112 9973
9956 3552
13092 13965
14844 11332
5040 7758
9060 6516
8662 8130
3465 14448
12971 8972
12193 12971
223 2413
11379 394
12652 1919
4526 11066
8220 13688
2586 376
9140 771
1994 2436
4001 14964
7694 2123
5163 1843
14357 10033
8297 13455
13946 5051
12529 11216
1820 5255
14258 1233
10156 7108
10128 14004
11606 11866
11729 10257
4259 2959
5489 9258
3892 7247
14282 2057
1302 8900
11428 4148
6366 4126
4268 3638
758 3107
9593 9651
7872 6416
10564 3552
4590 3686
8504 6120
8296 10291
13256 6459
6494 12062
2516 6317
11689 1897
4321 8900
10033 8229
9976 2408
13146 7366
8751 3110
3955 13092
11309 12948
7005 6792
8900 13402
933 8462
14193 8900
10755 11861
5696 1446
3456 223
9296 8507
3022 6020
1057 11292
2936 14313
7307 12575
10091 5815
13946 6257
1767 13653
11866 644
13452 1950
11819 2415
13082 12415
7303 5459
3767 11468
4058 4651
5756 8597
2385 14097
9806 9299
4553 896
4624 9507
9820 13092
13310 407
6326 10614
3621 2456
13540 12685
13735 12812
2313 11940
7838 3126
4440 10291
9184 12578
12680 7435
4624 12578
7137 12914
1565 12814
5985 625
12812 7156
4151 6074
3732 5123
3686 8307
896 1897
4112 12467
4259 6578
4268 9375
1897 14035
4177 5729
2488 3456
3096 1741
3126 2905
3893 8071
10260 13770
14462 7294
14827 12971
7303 2056
13841 13146
12314 2358
4664 6348
340 12833
12750 3879
1809 7516
887 10338
10216 12803
186 12476
1558 6694
1561 5837
12005 982
3900 11866
6268 12018
4802 11036
10659 14308
5977 9077
13334 12092
3564 4099
3457 9392
8130 11216
3126 4533
6472 673
12552 1119
7528 14187
7354 11468
878 11066
2626 601
5771 12768
220 11966
3089 5967
4484 5350
9535 61
567 11496
2738 2424
4464 13390
13855 3036
984 8780
1348 10869
2041 3717
3486 2099
7828 14582
3552 5789
1564 3562
7303 11734
7829 3453
5800 5727
2690 6496
7314 9265
13914 886
14931 6847
12946 10063
8127 3621
13737 11734
13488 12446
14671 10014
10082 4298
5185 4254
2218 886
376 9956
5737 13264
9443 4229
3479 3218
12298 11066
5193 5770
2057 14282
6480 4237
12685 9097
13504 6223
6065 7797
9519 6335
7739 4741
12971 886
11488 7401
12971 12193
9140 8940
13039 3895
4651 4746
13653 1767
7345 10338
6251 2187
6311 4114
14035 1127
5770 5193
6459 4148
5878 58
5896 9436
2810 12224
5771 5121
861 11413
394 11379
12442 8296
14662 2297
6210 11899
6020 3022
7520 5896
186 10818
13256 14163
10702 9806
3380 8746
10619 10512
2604 5217
7106 7535
5013 168
9258 14243
14767 7234
8904 9392
13891 337
1132 8586
8900 14193
2572 12814
13536 14870
13505 12951
5455 3936
2968 12228
5771 8904
4236 2226
1897 698
3552 10791
1715 9988
10290 12597
4236 13536
1233 3494
10502 5539
9949 9101
5358 9990
10398 14582
5539 10502
4048 8296
14187 5339
2312 12942
5051 1838
5543 11809
5599 2772
9806 12092
6878 13378
11066 8634
5740 7345
14848 14035
5770 6632
10318 1613
643 4463
6507 12334
7114 818
7892 5209
11705 13944
9522 12941
5625 6107
9806 2806
9324 5771
5546 3594
10869 4747
5400 8732
7936 14357
9256 803
2781 6775
2408 9133
6335 5117
3692 3051
13590 8461
13891 1858
14693 1096
9640 9564
11541 6792
11962 12626
6370 4854
12762 5455
193 2010
6334 2473
4115 6753
13441 2543
11066 5482
11545 458
13048 8828
8087 8900
14767 8405
14589 886
4651 4058
12198 8507
7239 4624
5432 14749
7936 2408
12834 1897
1041 9722
10670 10502
3126 10676
818 10702
12151 3528
12552 9309
60 11741
5771 833
707 11819
13038 14964
1660 4553
2408 8229
4218 12569
12031 12318
12092 11182
4553 11549
9140 12531
3552 9956
5255 3126
8353 9998
2505 8900
13408 2283
953 168
10502 10670
14749 12675
4817 4030
11376 13093
2542 13453
9153 606
6753 4115
3418 9852
14970 11496
7138 5879
2855 8837
10222 5991
10338 6929
8978 14767
11858 10745
3102 14744
7369 13143
3069 12009
12104 3732
4048 11689
14485 2421
1615 10425
14456 13028
6587 984
1523 1906
3564 4030
7108 6186
8224 11721
3717 2095
567 5896
2408 9976
6223 4012
3575 6270
606 9153
6108 12353
6775 2066
8848 13462
8408 6881
4530 11770
489 8319
10231 2932
8866 8366
14561 13141
1843 3041
7029 14564
12334 14720
8631 4656
6878 9052
12851 6303
14625 8464
14763 2408
3056 9292
10476 12494
11528 14807
6808 10243
14844 5727
12164 11305
4316 2259
2435 8803
9052 6878
4854 1052
312 13536
6020 4233
11899 6210
13841 7401
11235 14518
13402 8900
10569 5284
9806 5370
10336 10819
13166 11859
11265 9575
10096 4030
14302 14163
12334 4458
1396 3343
4440 9043
886 6821
12446 3149
11468 2345
12646 5771
4030 10546
12661 14024
3126 1299
3386 3900
625 13855
9487 9575
7600 2256
1545 3555
3110 8751
14925 11179
14518 1961
5217 2604
14035 12442
5617 9651
11066 3343
5976 5069
3707 2210
10614 5660
12577 12275
9976 2488
12638 6724
1396 5003
10106 9292
14502 214
3069 8080
5761 861
14044 2924
11292 10867
11528 1662
3656 10299
1951 6878
9043 9720
5051 5487
11182 1268
10867 11292
5051 7559
6083 4793
3919 11732
681 14308
269 5053
12427 3909
14029 10078
175 3481
11614 4875
13662 3456
3418 475
13505 4126
5370 9806
3235 14163
13726 12504
12334 6507
5800 3575
5808 1070
11861 6270
4793 5836
1127 5314
6186 8590
5162 223
2187 9820
7528 11315
12575 14378
11048 10158
6370 2408
2823 1913
7036 8856
2343 1897
9949 14563
12327 3552
9622 6352
3892 3302
14163 2312
12954 2917
6270 3575
3656 2773
14578 11066
13334 12812
1207 9825
14744 407
2228 13343
14964 8296
3665 7569
2559 3300
698 1897
11194 3246
12530 1446
11075 13618
4719 6878
11182 1503
3022 3480
11732 13536
2926 13010
12560 356
9757 6154
13965 13092
7485 7412
3527 3453
12427 14918
3686 4892
3218 13286
12739 9664
6587 11681
3371 14740
5515 7726
1373 5416
3564 12812
8900 13796
9056 12849
13286 11369
13297 2839
12318 12031
6514 2719
13152 11342
7654 13286
2675 8399
14767 13813
10033 2488
14734 4530
2665 982
7342 1741
6279 9707
3414 932
11182 7317
1843 3069
12406 7270
3352 6771
7234 8295
14004 12627
1400 10336
12578 8717
8468 8850
7303 9411
223 3456
2082 6477
13083 9960
8432 60
7303 12563
1757 567
4440 13599
13825 12941
2377 13028
9707 5979
7401 4213
8507 8906
10980 3494
2065 14312
9651 8399
5599 9098
6625 9201
9075 11194
12442 11689
10233 12139
9098 5599
12685 12702
3892 9507
12869 13668
8261 10233
14258 592
1132 2617
1168 13658
1104 3549
818 13451
9597 14238
5400 2056
2010 193
8507 2316
13582 12942
8900 6977
6486 13048
2772 13147
207 9757
10233 8261
7616 9733
6048 7737
860 8835
13735 3657
9173 2722
1897 3137
8557 157
65 11732
12455 14777
8605 5740
3900 12933
10179 6442
8655 10325
7238 8494
10315 6351
4148 12942
11859 13166
2757 5381
12565 2795
10487 14559
10158 11048
9087 6792
6074 4151
2107 10430
8003 11952
6115 741
7385 3552
14744 11017
5316 11063
11276 6775
2234 3613
3205 14004
14238 13062
1523 1233
10714 11315
1549 11593
10683 12210
3456 2488
10030 11606
5455 3131
4236 9858
8464 12078
13590 8984
9430 7174
8248 11277
9856 2959
6694 13254
12078 8464
13329 5133
8837 2855
2720 10034
7234 815
6742 8900
11809 5543
5432 6157
7724 517
11974 6924
2109 14886
407 13592
8178 14743
8224 13024
12941 6939
8900 5779
14024 11744
8494 4003
7904 9806
15028 9820
4651 11028
11716 7401
9075 3900
11741 6067
4976 10077
11673 7342
7322 2605
3428 7901
14163 14302
7881 13308
8297 10181
6782 12812
7314 13721
4126 11236
11606 2149
5500 176
12208 11786
5229 11272
3552 10556
10811 9778
458 2543
11786 12208
8610 14767
3010 8590
3126 4649
9720 1897
12058 289
9354 14152
5773 14716
5916 775
2413 223
8366 4991
11734 12702
2136 12062
4530 12652
2665 276
13592 3386
8803 4177
194 9916
8803 5771
5921 5711
12151 6351
9097 1342
14357 7936
4596 6792
4656 10644
7948 8104
2855 407
12211 9757
3840 3892
1809 13092
4419 1664
7976 10338
8605 8507
12812 12092
11606 9998
13716 2543
707 3456
5185 376
5913 11560
9197 3058
8900 2505
14886 2109
4674 5285
10614 6326
1250 10223
13093 11376
527 1220
7817 9990
5339 14187
11428 5163
2281 6792
3686 2402
8848 9797
13092 4972
3418 10525
4322 5619
12446 10342
759 9392
2966 11216
10502 8566
3879 9791
3552 9140
1712 11707
13508 13764
6583 288
12193 13914
175 3093
12675 6157
4971 11689
1692 12739
11066 13453
10968 10678
6850 1233
1325 11379
12446 5773
9956 14643
5535 9200
9757 8652
1127 4802
12560 14608
7579 99
10653 14550
14024 2752
6494 11066
12083 929
8993 14754
14589 5121
8803 925
7234 4133
13658 1168
584 9200
11815 6334
7302 193
5771 14897
9809 14589
1897 9720
6788 2859
11689 14964
11272 60
3453 11393
2066 10398
12065 6326
11277 3056
7936 6613
9392 8904
14163 4148
10663 4463
2880 13869
12057 4505
1132 8325
1605 13505
14740 3371
12638 6881
407 14744
4376 3354
12258 6792
7401 11488
5053 11332
6545 1054
6545 6878
4859 5567
7401 11046
9140 376
14549 14378
2536 13891
13586 12018
24 10338
10569 4872
14238 660
11968 8477
12406 5747
1149 12494
4590 13048
4679 6983
12920 7239
9820 9577
12748 4940
12994 1448
13334 1503
6064 13109
5285 4674
5493 5625
3343 11066
8507 12198
1446 5771
14734 14308
4464 3879
7108 2446
4600 14767
12942 6275
9299 9806
12941 4737
12207 4577
11074 4678
661 2156
7294 2123
4303 9357
11816 5815
8744 12406
12971 14367
11066 12298
2138 168
3494 10980
10008 12334
11819 10041
1446 13039
13092 14561
13087 11947
12627 14004
6578 4259
5660 10614
11366 12971
11689 14848
1233 2791
10869 11528
1809 15028
3690 1119
12104 13837
7585 2651
3453 3149
771 9956
10106 8322
7317 11182
13142 9160
14035 12965
14255 5544
4376 9823
5476 5515
7707 11277
14035 9043
6271 10974
7397 11179
14243 9258
6223 13504
14261 11070
1686 14224
8900 1302
9062 12998
11078 9140
984 11216
3149 3453
1817 1228
4746 4651
10291 4440
8378 8464
4148 5446
12557 3465
6709 9067
12773 5459
168 14976
10869 6033
14767 14795
366 10619
8636 13730
567 1757
11549 4553
4553 2542
14024 12661
1919 12652
11172 13450
7114 9806
4640 2823
9184 7075
8900 3442
8295 2628
6303 12851
5544 3178
14870 13650
8507 2751
6157 8155
9820 15028
614 13028
2421 4553
4651 14827
14035 5599
9015 1757
8218 14308
7345 4624
4083 426
9384 2408
8297 5625
7793 3126
2408 7936
9652 1897
5259 12185
12198 6255
3656 14024
14749 5432
8262 4842
8346 2784
4372 1177
9720 9043
1468 12552
1523 223
6792 387
12812 13027
13142 577
14578 2604
8455 10338
10758 11954
7240 4372
13864 9285
3539 1772
14024 3656
6803 13520
4872 10569
13721 11305
3071 3897
5410 7012
2604 9687
7297 8572
13453 11066
567 5466
214 14502
14079 10164
4148 8132
14238 14964
10068 1950
5942 10292
8224 8692
4609 818
3126 15000
11646 8900
6317 13562
2433 10678
2249 8494
7852 741
12578 9837
13010 2926
4311 6223
3928 12560
6874 2313
5576 5284
11236 4126
12812 6782
11066 11550
4298 10082
2357 7485
14589 11424
9707 9741
6694 7324
2865 11126
14581 886
7737 3282
1288 807
12626 11962
6157 5432
4452 1091
6792 14238
3388 8466
5068 4252
9651 13668
2586 3590
12334 10698
7220 5455
3000 4842
9664 12739
8035 934
6587 8501
2415 3456
1119 12552
11179 14925
2187 9258
833 5771
5260 11468
1613 10318
8590 3010
2616 4484
14035 6457
12597 10290
5813 844
8094 10968
12748 13488
5455 954
10374 815
3918 4939
12951 9097
5765 168
6076 2473
497 3454
14350 7069
2586 771
13087 13783
12425 10954
13453 2542
99 8572
2913 12139
14120 1806
3456 707
4030 7156
5420 14238
8399 9651
3879 4464
2451 14881
13764 13508
14378 14549
7030 13505
7294 14462
2721 12446
9806 1268
5200 12596
12803 10216
14615 7322
11646 2762
4802 8264
60 4802
4961 13618
10325 8655
12427 11593
4923 1594
5368 1098
10288 11792
5123 3732
11424 14589
11194 11866
12539 13127
4233 6020
12446 8070
14895 4079
13141 14297
1091 10898
13092 3955
6792 11541
11194 9411
11216 984
11066 3566
2057 12823
13946 2762
6617 8815
11932 6566
11063 5316
1503 13334
8537 2617
10905 4679
1803 826
6878 4719
11557 1919
12722 13161
10116 7072
10014 14671
886 13914
2297 14662
8261 14370
6317 3934
5771 9324
8366 6461
11866 3900
10063 13489
14841 1919
3673 11468
8073 2123
11732 11256
7824 12364
7374 1233
7156 4030
7156 12812
3309 313
6348 4664
1203 3453
10678 10968
6944 11647
4148 13504
13142 741
10915 14752
3456 7139
12024 3112
12562 5051
12948 12364
6317 4679
2762 13946
6878 10176
2905 5473
6463 3074
7485 10152
2542 1429
4377 5455
11066 878
12325 14021
1332 13087
4118 108
10181 8297
11958 12814
8900 12621
11734 1692
12298 9664
3807 11359
6128 3564
1096 14693
8155 6157
12477 7401
5237 6107
7435 13407
4241 10116
6745 12224
6311 10179
2752 14024
11934 4709
8835 2810
8605 4624
11681 6587
14462 7694
8900 8791
800 10438
11861 11496
9949 4039
9820 5446
9160 13142
14095 14988
5539 2047
10044 7237
13730 8636
3041 13721
14743 2543
10325 12868
8837 4886
10663 9949
2617 6910
13027 11745
3286 9749
2690 8261
14964 4001
10546 13092
13223 10179
12685 1396
5543 10627
1396 12685
7314 12106
9956 3590
12477 8507
98 12685
12460 12971
6827 5279
11066 12739
1806 14120
1346 13366
1315 801
9757 10271
3131 5455
7314 5316
9097 12951
1052 8422
5964 5173
7842 1897
8677 14767
1064 6307
6282 5599
9722 11204
5789 3552
10338 13544
9960 4817
14297 5658
12139 3890
2488 8422
13519 4030
12709 2010
5606 14163
10430 2107
9806 4609
7569 3665
143 9140
11934 2460
9140 3590
2408 5747
10619 366
8572 99
3552 7977
9973 10414
11332 14844
5111 10769
1564 11274
10727 924
7069 14350
12062 9606
3418 13419
7239 10645
4213 7401
10291 8296
4685 7380
14881 2925
8507 8605
11705 1906
5739 9707
8900 9116
9577 11269
2141 771
8597 5756
960 9258
4553 1660
11681 11216
1209 7237
296 984
7017 1233
3051 3692
9651 12499
5410 12381
4940 2543
12962 4115
2932 7556
8965 9514
13430 7137
5051 11646
12552 1468
6456 5544
12467 4112
8717 12578
11496 3575
12900 2119
6457 11689
5446 9820
7357 3282
3454 497
1320 8595
12941 13825
7401 9296
9164 12446
9575 9487
7617 12971
13024 8224
11056 175
756 9349
13869 2880
1233 1523
8021 13142
10292 5942
11182 2806
10819 10336
10869 11376
7139 11216
3892 3840
12836 8027
3020 11810
11593 12401
2962 1209
12352 10246
9133 2488
30 960
6435 6662
4954 6667
223 5977
14566 13824
13504 14297
2601 14501
8132 13677
